GJD-2450000 flux err airmass sky dx dy baserun
8062.876429 0.997372 0.004839 1.5601 1109.5 -0.027 -2.954 MSCT2_1711050051
8062.877054 1.003590 0.004729 1.5560 979.8 -0.084 -2.454 MSCT2_1711050052
8062.877679 1.003489 0.004581 1.5516 875.4 -0.130 -1.302 MSCT2_1711050053
8062.878316 1.007227 0.004478 1.5472 785.1 -0.433 0.046 MSCT2_1711050054
8062.878941 1.006522 0.004346 1.5433 710.6 0.116 -1.458 MSCT2_1711050055
8062.879566 1.004026 0.004253 1.5394 649.7 -0.694 -1.532 MSCT2_1711050056
8062.880214 0.999233 0.004207 1.5351 601.6 -0.494 -2.036 MSCT2_1711050057
8062.880839 0.998504 0.004166 1.5312 563.4 0.183 -0.653 MSCT2_1711050058
8062.881453 0.999367 0.004091 1.5275 535.3 0.050 -0.552 MSCT2_1711050059
8062.882078 1.001618 0.003956 0.0000 508.0 -0.566 -1.874 MSCT2_1711050060
8062.882714 0.999628 0.004023 1.5196 484.6 -0.455 -0.980 MSCT2_1711050061
8062.883351 0.998472 0.004031 1.5157 467.7 0.129 -2.435 MSCT2_1711050062
8062.883987 0.996379 0.004027 1.5120 454.7 -0.829 -1.882 MSCT2_1711050063
8062.884612 1.004119 0.004019 1.5085 443.6 0.089 0.682 MSCT2_1711050064
8062.885249 0.998957 0.003969 1.5046 435.7 0.123 -1.489 MSCT2_1711050065
8062.885885 0.999868 0.003937 1.5008 430.1 -0.031 -0.916 MSCT2_1711050066
8062.886522 1.002801 0.003944 1.4974 429.2 -0.637 -1.370 MSCT2_1711050067
8062.887159 1.001968 0.003936 1.4936 425.1 -0.664 -2.928 MSCT2_1711050068
8062.887784 0.997598 0.003915 1.4903 421.9 -0.428 -0.243 MSCT2_1711050069
8062.888409 1.004296 0.003917 1.4870 423.5 0.040 -1.304 MSCT2_1711050070
8062.889034 1.002525 0.003930 1.4834 426.3 -0.640 -0.844 MSCT2_1711050071
8062.889670 1.002676 0.003972 1.4802 427.9 -0.573 -2.128 MSCT2_1711050072
8062.890295 0.995793 0.003956 1.4766 427.5 0.057 -1.524 MSCT2_1711050073
8062.890932 0.999193 0.003953 1.4735 428.5 0.074 -0.085 MSCT2_1711050074
8062.891568 1.003610 0.003998 1.4701 429.9 -0.584 -2.288 MSCT2_1711050075
8062.892205 0.999177 0.003975 1.4670 435.9 0.157 0.064 MSCT2_1711050076
8062.892841 1.002707 0.003975 1.4636 443.9 -0.920 -0.129 MSCT2_1711050077
8062.893478 0.998709 0.003991 1.4606 454.5 -0.638 -0.050 MSCT2_1711050078
8062.894103 1.007758 0.004021 1.4574 463.0 0.228 -1.829 MSCT2_1711050079
8062.894740 1.006337 0.004000 1.4544 465.8 -0.613 -0.577 MSCT2_1711050080
8062.895365 0.998534 0.003964 1.4513 467.3 0.000 0.000 MSCT2_1711050081
8062.895990 1.004421 0.003982 1.4484 469.3 -0.500 -1.636 MSCT2_1711050082
8062.896615 0.993259 0.003976 1.4456 473.1 -0.561 -1.270 MSCT2_1711050083
8062.897251 1.001128 0.004002 1.4425 472.7 0.007 -0.454 MSCT2_1711050084
8062.897865 0.998905 0.003972 1.4398 472.0 -1.374 -2.789 MSCT2_1711050085
8062.898490 1.000778 0.003963 1.4368 473.8 -0.496 -2.705 MSCT2_1711050086
8062.899103 1.007323 0.003977 1.4341 474.6 -0.632 -1.416 MSCT2_1711050087
8062.899740 1.002661 0.003984 1.4314 485.9 -0.635 -0.790 MSCT2_1711050088
8062.900376 1.002986 0.003977 1.4285 489.1 -0.539 -1.293 MSCT2_1711050089
8062.901013 0.999071 0.003955 1.4259 490.0 -0.834 -1.059 MSCT2_1711050090
8062.901638 0.993231 0.003942 1.4231 495.3 -0.566 -1.400 MSCT2_1711050091
8062.902274 0.996804 0.003973 1.4205 496.0 -0.424 0.114 MSCT2_1711050092
8062.902888 0.996572 0.003983 1.4181 492.2 -0.462 -1.616 MSCT2_1711050093
8062.903524 0.997250 0.003952 1.4154 490.5 -0.990 -1.036 MSCT2_1711050094
8062.904149 1.006569 0.003948 1.4129 496.7 0.122 -0.512 MSCT2_1711050095
8062.904786 1.004274 0.003944 1.4103 499.6 -0.573 -2.226 MSCT2_1711050096
8062.905399 1.005553 0.003954 1.4079 502.8 -1.109 -2.079 MSCT2_1711050097
8062.906024 1.008438 0.003977 1.4056 502.3 -0.753 -2.651 MSCT2_1711050098
8062.906661 1.001599 0.003967 1.4030 503.1 -0.523 -1.026 MSCT2_1711050099
8062.907286 1.001038 0.003962 1.4008 499.5 -0.441 -1.159 MSCT2_1711050100
8062.907922 1.001812 0.003922 1.3983 499.5 -1.664 -0.517 MSCT2_1711050101
8062.908547 0.998743 0.003943 1.3961 503.9 -0.939 -1.092 MSCT2_1711050102
8062.909172 1.004974 0.003954 1.3937 503.0 -0.514 -0.656 MSCT2_1711050103
8062.909809 1.006233 0.003960 1.3915 502.4 -0.925 -2.976 MSCT2_1711050104
8062.910434 1.000327 0.003960 1.3892 501.3 -0.540 -0.162 MSCT2_1711050105
8062.911071 1.002266 0.003917 1.3871 497.1 -1.487 -1.232 MSCT2_1711050106
8062.911707 1.002091 0.003940 1.3848 496.3 -1.353 -3.551 MSCT2_1711050107
8062.912332 1.006160 0.003943 1.3828 495.7 -0.451 -0.568 MSCT2_1711050108
8062.912957 0.996419 0.003913 1.3808 496.8 -1.403 0.200 MSCT2_1711050109
8062.913582 1.005935 0.003961 1.3786 497.6 -0.740 -2.357 MSCT2_1711050110
8062.914219 1.004259 0.003918 1.3766 495.1 -0.722 -1.873 MSCT2_1711050111
8062.914855 0.997286 0.003911 1.3745 504.1 -1.754 -0.791 MSCT2_1711050112
8062.915480 1.004905 0.003928 1.3726 498.9 -0.130 -0.526 MSCT2_1711050113
8062.916105 1.000026 0.003942 1.3705 500.0 -0.816 -2.556 MSCT2_1711050114
8062.916753 0.999877 0.003931 1.3687 498.8 -0.967 0.128 MSCT2_1711050115
8062.917367 0.996416 0.003906 1.3669 498.2 -0.653 -1.019 MSCT2_1711050116
8062.918003 0.996944 0.003886 1.3649 496.7 -1.868 -3.216 MSCT2_1711050117
8062.918640 0.996473 0.003900 1.3629 498.1 -0.982 -1.517 MSCT2_1711050118
8062.919265 0.997682 0.003902 1.3612 493.3 -0.830 -0.438 MSCT2_1711050119
8062.919913 0.994530 0.003893 1.3593 491.4 -1.593 -2.386 MSCT2_1711050120
8062.920550 0.990273 0.003874 1.3576 493.0 -0.461 -0.881 MSCT2_1711050121
8062.921175 0.999682 0.003922 1.3558 496.6 -0.640 -1.102 MSCT2_1711050122
8062.921811 1.001067 0.003940 1.3542 502.4 -1.550 -1.550 MSCT2_1711050123
8062.922436 0.998664 0.003914 1.3524 505.7 -0.632 -2.301 MSCT2_1711050124
8062.923073 0.990686 0.003914 1.3508 503.1 -1.460 -0.912 MSCT2_1711050125
8062.923698 0.999675 0.003953 1.3491 504.8 -1.683 -0.817 MSCT2_1711050126
8062.924334 0.998253 0.003947 1.3476 509.4 -1.683 -2.198 MSCT2_1711050127
8062.924959 0.998734 0.004042 1.3461 561.5 -0.449 -2.441 MSCT2_1711050128
8062.925608 1.001428 0.004057 1.3444 592.8 -1.592 -0.515 MSCT2_1711050129
8062.926233 1.000962 0.003953 1.3430 521.7 -1.417 -3.110 MSCT2_1711050130
8062.926869 0.996400 0.003944 1.3414 512.3 -0.440 -1.108 MSCT2_1711050131
8062.927494 1.000427 0.003959 1.3400 512.5 -0.618 -0.870 MSCT2_1711050132
8062.928119 0.999817 0.003954 1.3385 513.4 -1.582 -1.925 MSCT2_1711050133
8062.928744 0.991986 0.003942 1.3371 526.9 -1.323 -3.196 MSCT2_1711050134
8062.929369 0.988066 0.003948 1.3358 525.2 -1.257 -1.087 MSCT2_1711050135
8062.929994 0.997532 0.003966 1.3343 521.7 -1.464 0.043 MSCT2_1711050136
8062.930619 0.996695 0.003939 1.3331 514.1 -1.809 -2.870 MSCT2_1711050137
8062.931256 0.992150 0.003938 1.3317 515.5 -0.761 -1.672 MSCT2_1711050138
8062.931892 0.993147 0.003927 1.3304 513.5 -1.793 -2.022 MSCT2_1711050139
8062.932529 0.992517 0.003926 1.3291 511.9 -1.526 -1.559 MSCT2_1711050140
8062.933177 0.988268 0.003907 1.3279 511.4 -1.196 -1.154 MSCT2_1711050141
8062.933802 0.993772 0.003888 1.3266 509.4 -1.414 -2.091 MSCT2_1711050142
8062.934439 0.993385 0.003897 1.3255 509.4 -0.679 -1.270 MSCT2_1711050143
8062.935075 0.996031 0.003905 1.3243 510.1 -0.750 -0.427 MSCT2_1711050144
8062.935700 0.991931 0.003924 1.3232 508.4 -1.448 -1.331 MSCT2_1711050145
8062.936325 0.988725 0.003900 1.3220 509.9 -1.269 -2.616 MSCT2_1711050146
8062.936962 0.993312 0.003930 1.3210 510.2 -1.346 -1.795 MSCT2_1711050147
8062.937587 0.996397 0.003934 1.3198 513.2 -1.246 -1.105 MSCT2_1711050148
8062.938212 0.993970 0.003956 1.3188 522.7 -1.401 -1.236 MSCT2_1711050149
8062.938848 0.993379 0.003945 1.3178 521.5 -1.687 -1.004 MSCT2_1711050150
8062.939473 0.994971 0.003934 1.3168 521.9 -1.015 -2.138 MSCT2_1711050151
8062.940110 0.995487 0.003953 1.3158 522.0 -2.080 -1.426 MSCT2_1711050152
8062.940735 0.994004 0.003925 1.3148 517.5 -1.393 -0.872 MSCT2_1711050153
8062.941360 0.997521 0.003941 1.3139 510.3 -0.817 -0.924 MSCT2_1711050154
8062.942008 0.994993 0.003935 1.3130 510.2 -1.312 -2.245 MSCT2_1711050155
8062.942633 1.001958 0.003927 1.3121 510.9 -1.146 -1.553 MSCT2_1711050156
8062.943270 0.998033 0.003934 1.3112 512.0 -1.357 -0.958 MSCT2_1711050157
8062.943895 1.001377 0.003932 1.3104 513.3 -1.693 -2.274 MSCT2_1711050158
8062.944520 0.991586 0.003913 1.3096 522.7 -0.914 -1.626 MSCT2_1711050159
8062.945156 0.990435 0.003945 1.3088 560.5 -0.758 -0.889 MSCT2_1711050160
8062.945781 0.996398 0.003932 1.3080 517.7 0.326 -0.545 MSCT2_1711050161
8062.946406 0.998720 0.003928 1.3073 513.8 -2.077 -2.826 MSCT2_1711050162
8062.947031 0.995808 0.003896 1.3066 509.3 -1.662 -1.099 MSCT2_1711050163
8062.947668 1.000275 0.003920 1.3059 512.7 -0.800 -1.363 MSCT2_1711050164
8062.948293 1.000095 0.003937 1.3052 517.8 -1.420 -1.664 MSCT2_1711050165
8062.948929 0.995276 0.003946 1.3045 515.5 -1.254 -0.675 MSCT2_1711050166
8062.949554 0.998513 0.003943 1.3039 518.4 -1.980 -1.104 MSCT2_1711050167
8062.950191 0.997387 0.003962 1.3033 528.7 -1.873 -1.308 MSCT2_1711050168
8062.950816 0.993700 0.003977 1.3027 528.2 -1.240 -1.389 MSCT2_1711050169
8062.951441 1.001198 0.003995 1.3022 528.5 -1.958 -2.565 MSCT2_1711050170
8062.952078 1.004161 0.004013 1.3016 527.9 -1.133 -2.286 MSCT2_1711050171
8062.952714 1.003534 0.003968 1.3011 524.6 -2.063 -0.748 MSCT2_1711050172
8062.953339 1.008291 0.003975 1.3006 514.5 -1.777 -0.603 MSCT2_1711050173
8062.953976 0.999590 0.003937 1.3001 511.6 -1.823 -1.551 MSCT2_1711050174
8062.954601 1.000413 0.003918 1.2996 510.0 -0.887 -1.112 MSCT2_1711050175
8062.955237 1.005411 0.003938 1.2992 508.6 -1.658 -0.908 MSCT2_1711050176
8062.955862 1.000858 0.003935 1.2988 506.6 -2.099 -2.175 MSCT2_1711050177
8062.956487 0.994302 0.003915 1.2984 507.9 -0.714 -2.132 MSCT2_1711050178
8062.957124 0.994431 0.003911 1.2980 516.2 -1.352 -0.979 MSCT2_1711050179
8062.957749 0.993849 0.003957 1.2977 521.6 -1.776 -1.101 MSCT2_1711050180
8062.958374 0.993599 0.003929 1.2974 516.4 -1.459 -1.726 MSCT2_1711050181
8062.959010 1.000741 0.003953 1.2971 514.3 -1.528 -1.193 MSCT2_1711050182
8062.959635 1.002929 0.003948 1.2968 516.4 -0.864 -0.932 MSCT2_1711050183
8062.960272 0.998295 0.003961 1.2965 522.1 -2.187 -2.387 MSCT2_1711050184
8062.960897 0.996307 0.003979 1.2963 528.1 -1.430 -1.705 MSCT2_1711050185
8062.961534 0.999579 0.003999 1.2961 529.6 -1.858 -0.970 MSCT2_1711050186
8062.962170 0.997823 0.003999 1.2959 529.0 -1.677 -1.716 MSCT2_1711050187
8062.962807 0.995435 0.003978 1.2957 533.0 -1.310 -1.615 MSCT2_1711050188
8062.963432 0.995669 0.004010 1.2956 537.4 -0.857 -1.238 MSCT2_1711050189
8062.964068 0.995586 0.003983 1.2955 535.2 -1.707 -1.605 MSCT2_1711050190
8062.964693 1.002540 0.003981 1.2954 533.4 -1.713 -1.475 MSCT2_1711050191
8062.965318 0.998759 0.003955 1.2953 531.0 -1.002 -1.874 MSCT2_1711050192
8062.965943 0.993260 0.003972 1.2952 528.8 -1.168 -1.339 MSCT2_1711050193
8062.966568 0.997301 0.003983 1.2952 534.1 -1.749 -0.093 MSCT2_1711050194
8062.967193 0.994949 0.003987 1.2952 549.6 -2.224 -1.942 MSCT2_1711050195
8062.967818 0.996110 0.003974 1.2952 546.1 -2.112 -2.620 MSCT2_1711050196
8062.968455 0.999106 0.003984 1.2952 535.1 -1.424 -0.314 MSCT2_1711050197
8062.969080 0.988475 0.003968 1.2952 531.3 -1.787 -1.201 MSCT2_1711050198
8062.969705 0.994030 0.003939 1.2953 529.9 -2.087 -2.551 MSCT2_1711050199
8062.970341 0.998548 0.003967 1.2954 530.5 -1.575 -0.332 MSCT2_1711050200
8062.970978 0.994232 0.003945 1.2955 535.5 -2.089 -0.901 MSCT2_1711050201
8062.971615 0.993993 0.003956 1.2956 536.9 -1.179 -1.980 MSCT2_1711050202
8062.972240 1.002540 0.004000 1.2958 543.8 -1.417 -1.032 MSCT2_1711050203
8062.972853 1.001770 0.004023 1.2960 550.0 -2.066 -1.183 MSCT2_1711050204
8062.973478 0.991408 0.004018 1.2961 551.7 -2.567 -2.200 MSCT2_1711050205
8062.974115 0.994452 0.003968 1.2964 542.3 -1.412 -1.984 MSCT2_1711050206
8062.974740 0.990462 0.003970 1.2966 539.8 -1.860 -1.196 MSCT2_1711050207
8062.975376 0.992898 0.003937 1.2969 537.3 -1.922 -0.987 MSCT2_1711050208
8062.976001 0.999460 0.003967 1.2972 533.6 -1.920 -1.848 MSCT2_1711050209
8062.976638 1.000254 0.003980 1.2975 528.2 -2.414 -2.894 MSCT2_1711050210
8062.977274 1.000275 0.003951 1.2978 527.1 -1.474 -1.630 MSCT2_1711050211
8062.977911 1.000530 0.003970 1.2982 528.4 -2.107 -1.526 MSCT2_1711050212
8062.978536 0.991708 0.003971 1.2985 532.4 -1.807 -1.376 MSCT2_1711050213
8062.979172 1.000660 0.003989 1.2989 533.1 -2.217 -1.557 MSCT2_1711050214
8062.979797 1.000348 0.003992 1.2993 537.4 -2.434 -2.057 MSCT2_1711050215
8062.980422 0.994271 0.003984 1.2998 539.9 -2.448 -1.833 MSCT2_1711050216
8062.981047 1.002035 0.003972 1.3002 534.8 -1.895 -0.877 MSCT2_1711050217
8062.981684 0.997902 0.003957 1.3007 529.6 -2.018 -0.863 MSCT2_1711050218
8062.982309 1.005773 0.003974 1.3012 527.6 -1.644 -1.321 MSCT2_1711050219
8062.982946 1.001546 0.003935 1.3017 526.7 -1.993 -0.912 MSCT2_1711050220
8062.983571 0.997774 0.003940 1.3023 525.5 -2.209 -1.286 MSCT2_1711050221
8062.984207 1.000187 0.003927 1.3029 521.9 -2.202 -2.136 MSCT2_1711050222
8062.984821 0.998689 0.003908 1.3035 519.9 -1.867 -1.283 MSCT2_1711050223
8062.985446 1.001928 0.003937 1.3041 517.6 -1.745 -0.963 MSCT2_1711050224
8062.986082 1.000000 0.003935 1.3047 518.2 -2.121 -0.688 MSCT2_1711050225
8062.986719 0.998909 0.003932 1.3054 520.4 -2.104 -1.235 MSCT2_1711050226
8062.987355 1.004611 0.003927 1.3061 525.8 -2.146 -1.620 MSCT2_1711050227
8062.987980 0.604277 0.003415 1.3068 520.2 -2.023 -1.300 MSCT2_1711050228
8062.988617 1.001408 0.003905 1.3075 515.0 -2.339 -1.425 MSCT2_1711050229
8062.989242 1.007776 0.003914 1.3083 512.6 -2.155 -1.351 MSCT2_1711050230
8062.989867 1.007976 0.003909 1.3090 510.9 -2.077 -0.956 MSCT2_1711050231
8062.990503 1.007380 0.003907 1.3098 519.3 -2.289 -1.605 MSCT2_1711050232
8062.991128 1.001351 0.003920 1.3106 524.0 -1.640 -1.466 MSCT2_1711050233
8062.991765 0.998573 0.003936 1.3115 530.9 -2.154 -1.466 MSCT2_1711050234
8062.992390 0.998113 0.003942 1.3123 529.4 -2.236 -2.331 MSCT2_1711050235
8062.993027 1.003619 0.003952 1.3133 527.9 -1.955 -0.146 MSCT2_1711050236
8062.993652 1.001818 0.003932 1.3141 525.4 -2.352 -0.699 MSCT2_1711050237
8062.994277 1.008270 0.003960 1.3151 525.1 -1.814 -1.807 MSCT2_1711050238
8062.994913 1.004554 0.003968 1.3160 526.5 -1.988 -0.551 MSCT2_1711050239
8062.995550 1.008175 0.003951 1.3170 525.3 -2.462 -0.618 MSCT2_1711050240
8062.996186 1.001566 0.003916 1.3181 522.3 -2.426 -0.871 MSCT2_1711050241
8062.996800 0.997668 0.003940 1.3191 520.1 -2.247 -1.115 MSCT2_1711050242
8062.997436 1.003757 0.003935 1.3201 520.1 -2.148 -1.453 MSCT2_1711050243
8062.998061 1.000196 0.003939 1.3212 520.7 -2.774 -1.448 MSCT2_1711050244
8062.998698 1.000122 0.003927 1.3224 519.2 -1.966 -1.508 MSCT2_1711050245
8062.999323 1.002231 0.003919 1.3235 516.3 -2.271 -1.628 MSCT2_1711050246
8062.999948 1.002042 0.003918 1.3245 514.2 -2.203 -0.878 MSCT2_1711050247
8063.000573 0.996354 0.003962 1.3258 541.4 -2.718 -1.219 MSCT2_1711050248
8063.001209 1.001741 0.003991 1.3269 558.1 -2.344 -1.435 MSCT2_1711050249
8063.001846 0.998001 0.003972 1.3281 546.5 -2.503 -2.009 MSCT2_1711050250
8063.002471 1.002024 0.003945 1.3294 521.2 -2.418 -1.397 MSCT2_1711050251
8063.003108 1.003193 0.003936 1.3306 515.0 -2.226 -1.157 MSCT2_1711050252
8063.003733 0.996683 0.003902 1.3320 510.9 -2.593 -1.809 MSCT2_1711050253
8063.004369 1.001412 0.003909 1.3333 514.6 -2.285 -0.934 MSCT2_1711050254
8063.004983 1.009006 0.003950 1.3347 520.7 -2.321 -0.630 MSCT2_1711050255
8063.005619 1.002530 0.003946 1.3360 525.7 -2.260 -0.558 MSCT2_1711050256
8063.006256 1.006302 0.003956 1.3375 522.1 -2.323 -2.006 MSCT2_1711050257
8063.006881 1.003222 0.003920 1.3389 518.5 -1.676 -0.891 MSCT2_1711050258
8063.007517 1.003316 0.003912 1.3403 516.6 -2.668 -0.407 MSCT2_1711050259
8063.008142 0.999626 0.003908 1.3418 514.9 -2.960 -1.678 MSCT2_1711050260
8063.008767 1.002708 0.003928 1.3432 514.5 -2.202 -1.687 MSCT2_1711050261
8063.009392 0.998614 0.003909 1.3447 515.4 -2.514 -0.480 MSCT2_1711050262
8063.010029 1.003895 0.003964 1.3463 518.4 -2.877 -0.888 MSCT2_1711050263
8063.010654 0.998154 0.003941 1.3479 518.0 -2.219 -2.045 MSCT2_1711050264
8063.011279 1.005259 0.003960 1.3496 532.7 -2.638 -1.306 MSCT2_1711050265
8063.011904 1.001806 0.003977 1.3511 547.2 -2.555 -0.522 MSCT2_1711050266
8063.012541 1.006966 0.003923 1.3527 512.2 -2.839 -2.282 MSCT2_1711050267
8063.013166 0.995453 0.003901 1.3545 507.3 -2.267 -0.691 MSCT2_1711050268
8063.013802 1.001502 0.003921 1.3563 504.0 -2.868 -0.903 MSCT2_1711050269
8063.014427 1.001154 0.003898 1.3579 501.6 -3.129 -1.515 MSCT2_1711050270
8063.015052 1.008497 0.003914 1.3596 502.0 -2.510 -1.010 MSCT2_1711050271
8063.015689 0.998850 0.003891 1.3615 500.8 -2.386 -1.485 MSCT2_1711050272
8063.016314 1.000790 0.003906 1.3633 502.5 -2.236 -0.981 MSCT2_1711050273
8063.016950 0.999561 0.003911 1.3652 507.4 -2.614 -0.692 MSCT2_1711050274
8063.017587 0.997915 0.003891 1.3670 508.0 -3.658 -0.318 MSCT2_1711050275
8063.018212 0.999234 0.003908 1.3690 504.4 -1.968 -1.913 MSCT2_1711050276
8063.018848 0.996860 0.003885 1.3708 505.7 -2.253 -0.905 MSCT2_1711050277
8063.019473 1.001013 0.003937 1.3729 545.8 -2.463 -0.934 MSCT2_1711050278
8063.020098 1.003900 0.003905 1.3748 518.9 -2.848 -1.285 MSCT2_1711050279
8063.020735 0.993192 0.003862 1.3767 496.1 -2.837 -1.262 MSCT2_1711050280
8063.021348 1.002834 0.003883 1.3789 490.7 -2.264 -1.250 MSCT2_1711050281
8063.021985 1.002148 0.003873 1.3809 491.0 -3.011 -0.713 MSCT2_1711050282
8063.022598 1.003990 0.003889 1.3831 493.7 -2.277 -0.642 MSCT2_1711050283
8063.023223 0.998235 0.003865 1.3851 488.4 -2.416 -0.768 MSCT2_1711050284
8063.023860 0.994849 0.003859 1.3872 486.8 -3.045 -0.793 MSCT2_1711050285
8063.024485 0.996823 0.003839 1.3895 485.3 -2.950 -1.393 MSCT2_1711050286
8063.025122 1.004226 0.003874 1.3917 486.4 -2.460 -0.470 MSCT2_1711050287
8063.025747 0.995099 0.003852 1.3941 488.5 -2.754 -1.518 MSCT2_1711050288
8063.026372 1.003487 0.003885 1.3962 492.2 -2.892 -0.567 MSCT2_1711050289
8063.027008 1.003426 0.003901 1.3985 494.0 -2.773 -0.140 MSCT2_1711050290
8063.027645 1.005232 0.003899 1.4010 495.4 -1.817 -0.118 MSCT2_1711050291
8063.028270 0.999970 0.003880 1.4032 494.0 -2.568 -0.397 MSCT2_1711050292
8063.028895 0.998596 0.003880 1.4058 494.6 -3.717 0.665 MSCT2_1711050293
8063.029520 1.003356 0.003887 1.4081 495.4 -2.669 -1.112 MSCT2_1711050294
8063.030145 0.998633 0.003898 1.4105 498.2 -2.499 -0.988 MSCT2_1711050295
8063.030781 0.998411 0.003910 1.4131 496.3 -2.801 -0.366 MSCT2_1711050296
8063.031418 1.003288 0.003889 1.4158 498.1 -2.361 -1.319 MSCT2_1711050297
8063.032043 0.998402 0.003899 1.4183 501.8 -2.954 -1.151 MSCT2_1711050298
8063.032679 1.007447 0.003933 1.4210 502.9 -2.889 -1.626 MSCT2_1711050299
8063.033304 1.001966 0.003909 1.4235 501.7 -2.761 -0.501 MSCT2_1711050300
8063.033929 1.001118 0.003905 1.4261 503.3 -2.525 0.141 MSCT2_1711050301
8063.034566 1.005333 0.003904 1.4289 501.2 -2.364 -1.079 MSCT2_1711050302
8063.035191 1.001570 0.003890 1.4315 499.4 -3.903 -1.241 MSCT2_1711050303
8063.035828 0.994045 0.003862 1.4345 497.6 -2.496 -0.870 MSCT2_1711050304
8063.036453 1.001514 0.003902 1.4372 497.2 -2.805 -0.175 MSCT2_1711050305
8063.037078 1.006933 0.003891 1.4402 499.3 -3.162 -1.779 MSCT2_1711050306
8063.037714 0.995635 0.003884 1.4429 502.5 -2.672 -0.622 MSCT2_1711050307
8063.038351 1.001541 0.003954 1.4458 546.9 -3.031 -1.311 MSCT2_1711050308
8063.038976 0.992618 0.003951 1.4489 549.5 -2.664 -0.497 MSCT2_1711050309
8063.039612 0.999889 0.003912 1.4520 514.3 -3.154 -1.041 MSCT2_1711050310
8063.040237 0.997695 0.003905 1.4549 510.4 -2.923 -0.155 MSCT2_1711050311
8063.040874 1.004730 0.003943 1.4579 510.1 -2.506 -0.766 MSCT2_1711050312
8063.041510 1.001368 0.003929 1.4612 508.6 -3.738 -0.785 MSCT2_1711050313
8063.042135 0.998215 0.003922 1.4641 511.3 -2.746 -0.461 MSCT2_1711050314
8063.042772 1.005430 0.003924 1.4675 513.5 -2.966 -0.763 MSCT2_1711050315
8063.043397 1.003604 0.003917 1.4706 510.6 -3.407 -0.292 MSCT2_1711050316
8063.044022 0.997926 0.003912 1.4741 514.6 -3.363 -0.473 MSCT2_1711050317
8063.044659 1.006373 0.003951 1.4772 517.2 -3.389 -0.424 MSCT2_1711050318
8063.045272 1.002448 0.003935 1.4804 515.8 -2.804 -0.765 MSCT2_1711050319
8063.045909 0.997999 0.003924 1.4840 510.4 -3.202 0.732 MSCT2_1711050320
8063.046534 0.997352 0.003924 1.4872 506.3 -2.505 -1.884 MSCT2_1711050321
8063.047159 0.992412 0.003896 1.4906 507.3 -2.684 -0.412 MSCT2_1711050322
8063.047784 1.005896 0.003952 1.4943 512.1 -2.589 -0.040 MSCT2_1711050323
8063.048420 1.003352 0.003931 1.4976 514.6 -3.602 -0.641 MSCT2_1711050324
8063.049045 1.004487 0.003947 1.5014 513.5 -2.314 -0.766 MSCT2_1711050325
8063.049670 0.995281 0.003947 1.5049 516.4 -2.443 -0.141 MSCT2_1711050326
8063.050307 0.998023 0.003939 1.5087 520.1 -3.530 -0.989 MSCT2_1711050327
8063.050943 1.003971 0.003965 1.5123 527.4 -3.004 -0.712 MSCT2_1711050328
8063.051580 1.006175 0.003995 1.5162 530.7 -3.003 -0.058 MSCT2_1711050329
8063.052216 0.996803 0.003972 1.5199 533.5 -3.508 0.107 MSCT2_1711050330
8063.052841 1.006044 0.003993 1.5240 533.6 -3.078 -0.922 MSCT2_1711050331
8063.053466 1.002975 0.003993 1.5277 535.3 -3.707 0.258 MSCT2_1711050332
8063.054103 0.997736 0.003964 1.5318 527.7 -2.753 -1.397 MSCT2_1711050333
8063.054728 1.000708 0.003996 1.5356 532.3 -2.680 -1.763 MSCT2_1711050334
8063.055365 0.999926 0.004031 1.5399 567.3 -3.381 0.287 MSCT2_1711050335
8063.056001 1.000756 0.003992 1.5438 556.5 -3.803 0.375 MSCT2_1711050336
8063.056615 1.000900 0.003987 1.5477 540.4 -3.861 -0.454 MSCT2_1711050337
8063.057263 1.002925 0.004005 1.5521 545.5 -3.398 0.031 MSCT2_1711050338
8063.057888 0.997013 0.004002 1.5566 543.3 -2.843 -0.487 MSCT2_1711050339
8063.058524 1.000726 0.003993 1.5607 546.0 -3.966 -0.264 MSCT2_1711050340
8063.059161 1.005329 0.004011 1.5653 548.6 -3.203 0.376 MSCT2_1711050341
8063.059786 1.002259 0.004016 1.5694 553.3 -3.671 -0.087 MSCT2_1711050342
8063.060422 0.999585 0.004031 1.5737 553.9 -3.402 -0.140 MSCT2_1711050343
8063.061047 1.003690 0.004018 1.5784 543.7 -3.130 -0.332 MSCT2_1711050344
8063.061672 0.998936 0.004012 1.5828 546.0 -3.228 -0.882 MSCT2_1711050345
8063.062297 0.993353 0.004007 1.5872 548.3 -4.135 0.494 MSCT2_1711050346
8063.062934 1.001508 0.004015 1.5921 548.6 -3.654 -0.532 MSCT2_1711050347
8063.063559 1.002104 0.004020 1.5966 552.0 -3.368 -0.363 MSCT2_1711050348
8063.064184 1.003604 0.004022 1.6016 552.6 -3.097 -1.214 MSCT2_1711050349
8063.064821 1.000180 0.004024 1.6062 551.6 -3.456 0.913 MSCT2_1711050350
8063.065446 1.001712 0.004036 1.6113 566.7 -3.540 -0.066 MSCT2_1711050351
8063.066082 1.007028 0.004136 1.6160 640.2 -3.532 -0.030 MSCT2_1711050352
8063.066707 1.008603 0.004152 1.6208 630.9 -3.616 -1.764 MSCT2_1711050353
8063.067332 1.003123 0.004098 1.6261 608.5 -3.830 -0.161 MSCT2_1711050354
8063.067969 0.999589 0.004091 1.6310 604.0 -3.520 0.061 MSCT2_1711050355
8063.068594 0.997280 0.004033 1.6364 566.1 -4.518 -0.176 MSCT2_1711050356
